-1124.77
1178.55
-1124.81
1177.92
-1124.88
1177.37
-1124.95
1176.67
-1125.03
1176.15
-1125.07
1175.53
-1125.18
1174.9
-1125.27
1174.25
-1125.34
1173.54
-1125.47
1172.82
-1125.57
1172.05
-1125.69
1171.24
-1125.82
1170.41
-1125.95
1169.56
-1126.08
1168.66
-1126.23
1167.73
-1126.39
1166.77
-1126.54
1165.79
-1126.61
1165.29
-1126.8
1164.29
-1126.87
1163.77
-1126.96
1163.26
-1127.05
1162.73
-1127.15
1162.21
-1127.23
1161.68
-1127.32
1161.14
-1127.42
1160.59
-1127.53
1160.04
-1127.61
1159.5
-1127.71
1158.94
-1127.82
1158.37
-1127.92
1157.82
-1128.01
1157.24
-1128.11
1156.68
-1128.23
1156.13
-1128.34
1155.53
-1128.47
1154.98
-1128.58
1154.4
-1128.69
1153.83
-1128.81
1153.27
-1128.92
1152.7
-1129.04
1152.14
-1129.15
1151.58
-1129.27
1151.03
-1129.38
1150.48
-1129.5
1149.94
-1129.61
1149.4
-1129.73
1148.87
-1129.83
1148.35
-1129.95
1147.84
-1130.04
1147.33
-1130.12
1146.83
-1130.2
1146.34
-1130.26
1145.84
-1130.36
1144.86
-1130.38
1143.92
-1130.33
1143
-1130.21
1142.11
-1130.05
1141.27
-1129.85
1140.45
-1129.61
1139.66
-1129.31
1138.92
-1128.98
1138.2
-1128.58
1137.55
-1128.14
1136.92
-1127.64
1136.35
-1127.08
1135.82
-1126.49
1135.37
-1125.87
1134.97
-1125.23
1134.65
-1124.55
1134.39
-1123.86
1134.18
-1123.13
1134.03
-1122.42
1133.94
-1121.69
1133.92
-1120.97
1133.96
-1120.26
1134.09
-1119.58
1134.24
-1118.96
1134.44
-1118.4
1134.65
-1117.89
1134.91
-1117.4
1135.16
-1116.79
1135.55
-1116.27
1135.92
-1115.83
1136.27
-1115.37
1136.69
-1114.97
1137.1
-1114.62
1137.5
-1114.25
1137.96
-1113.9
1138.48
-1113.58
1138.98
-1113.28
1139.55
-1113.05
1140.04
-1112.84
1140.56
-1112.65
1141.11
-1112.48
1141.68
-1112.35
1142.32
-1112.23
1143.01
-1112.17
1143.52
-1112.09
1144.04
-1112
1144.62
-1111.9
1145.22
-1111.8
1145.85
-1111.65
1146.53
-1111.49
1147.24
-1111.29
1147.97
-1111.11
1148.72
-1110.92
1149.48
-1110.71
1150.26
-1110.51
1151.06
-1110.29
1151.83
-1110.12
1152.61
-1109.9
1153.39
-1109.72
1154.17
-1109.51
1154.93
-1109.3
1155.66
-1109.12
1156.38
-1108.92
1157.08
-1108.73
1157.79
-1108.52
1158.5
-1108.33
1159.26
-1108.11
1160.04
-1107.89
1160.87
-1107.65
1161.72
-1107.41
1162.6
-1107.17
1163.49
-1106.89
1164.41
-1106.63
1165.34
-1106.36
1166.3
-1106.21
1166.8
-1106.07
1167.3
-1105.92
1167.8
-1105.78
1168.29
-1105.62
1168.79
-1105.46
1169.29
-1105.32
1169.81
-1105.15
1170.31
-1105.01
1170.83
-1104.84
1171.33
-1104.69
1171.86
-1104.53
1172.37
-1104.36
1172.91
-1104.18
1173.42
-1104.03
1173.94
-1103.85
1174.47
-1103.69
1174.98
-1103.54
1175.48
-1103.4
1175.96
-1103.29
1176.46
-1103.08
1177.4
-1102.94
1178.33
-1102.91
1179.21
-1102.92
1180.06
-1103.03
1180.85
-1103.17
1181.62
-1103.35
1182.33
-1103.64
1182.99
-1103.94
1183.58
-1104.26
1184.11
-1104.61
1184.59
-1105
1185.03
-1105.48
1185.37
-1105.99
1185.63
-1106.51
1185.84
-1107.03
1185.99
-1107.6
1186.09
-1108.17
1186.14
-1108.75
1186.15
-1109.31
1186.11
-1109.93
1185.99
-1110.57
1185.81
-1111.23
1185.55
-1111.87
1185.2
-1112.5
1184.78
-1113.13
1184.28
-1113.72
1183.7
-1114.28
1183.06
-1114.78
1182.34
-1115.22
1181.57
-1115.56
1180.74
-1115.79
1179.89
-1115.87
1179.03
-1115.9
1178.23
-1116.1
1177.5
-1116.34
1176.79
-1116.54
1176.06
-1116.76
1175.33
-1116.99
1174.59
-1117.18
1173.88
-1117.39
1173.28
-1117.53
1172.79
