-9.32349
3.37323
-9.82277
3.31774
-10.3655
3.36208
-10.9299
3.40639
-11.5051
3.48373
-12.1129
3.5721
-12.7316
3.66039
-13.2309
3.72667
-13.7844
3.81505
-14.2837
3.88132
-14.7939
3.96957
-15.2823
4.08008
-15.7707
4.20167
-16.3351
4.30118
-16.9212
4.43391
-17.529
4.58879
-18.1151
4.79891
-18.723
5.06434
-19.2548
5.34091
-19.7432
5.66157
-20.134
5.98242
-20.5898
6.3917
-20.948
6.77878
-21.2519
7.21021
-21.6209
7.6637
-21.9357
8.18356
-22.1419
8.64833
-22.3482
9.2569
-22.4024
9.76582
-22.3699
10.2969
-22.3373
10.8502
-22.2396
11.4587
-22.1745
12.0893
-22.1094
12.7531
-22.1094
13.4169
-22.0225
14.0365
-21.9357
14.6451
-21.8272
15.1873
-21.762
15.7627
-21.6752
16.2937
-21.6101
16.8578
-21.545
17.4221
-21.4147
17.9864
-21.2953
18.5286
-21.1868
19.1483
-21.0674
19.6684
-20.9806
20.2326
-20.8503
20.8301
-20.7526
21.3391
-20.6441
21.8813
-20.503
22.4456
-20.3727
23.0099
-20.2316
23.4968
-20.1665
24.028
-19.982
24.493
