1.21269
-0.354669
1.25449
-0.3655
1.29631
-0.376246
1.33815
-0.386908
1.38001
-0.397486
1.4219
-0.407978
1.46323
-0.41824
1.50458
-0.428386
1.54596
-0.438415
1.58738
-0.448329
1.62881
-0.458129
1.67028
-0.467816
1.71177
-0.47739
1.75329
-0.486852
1.79483
-0.496202
1.8364
-0.505441
1.87799
-0.514569
1.91961
-0.523584
1.96125
-0.532488
2.00291
-0.541279
2.0446
-0.549956
2.08631
-0.558519
2.12805
-0.566966
2.16985
-0.575305
2.21166
-0.583579
2.25349
-0.591791
2.29533
-0.599941
2.33718
-0.60803
2.37904
-0.616057
2.42092
-0.624024
2.4628
-0.63193
2.5047
-0.639777
2.54661
-0.647564
2.58853
-0.655291
2.63046
-0.662958
2.6724
-0.670565
2.71435
-0.678112
2.75632
-0.685599
2.79829
-0.693025
2.84028
-0.700389
2.88147
-0.70755
2.92266
-0.714704
2.96385
-0.721849
3.00505
-0.728985
3.04625
-0.736114
3.08745
-0.743234
3.12865
-0.750346
3.16985
-0.757451
3.21105
-0.764547
3.25226
-0.771635
3.29346
-0.778715
3.33467
-0.785787
3.37588
-0.792851
3.41709
-0.799907
3.4583
-0.806955
3.49951
-0.813995
3.54072
-0.821026
3.58226
-0.828104
3.62378
-0.835251
3.66529
-0.842466
3.70678
-0.84975
3.74827
-0.857102
3.78974
-0.86452
3.8312
-0.872005
3.87265
-0.879557
3.91409
-0.887175
3.95552
-0.89486
3.99693
-0.90261
4.03833
-0.910427
4.07972
-0.918311
4.12109
-0.926263
4.16245
-0.934282
4.2038
-0.94237
4.2443
-0.950363
4.28479
-0.958434
4.32526
-0.966584
4.36572
-0.974812
4.40616
-0.983118
4.44658
-0.991502
4.48699
-0.999963
4.52738
-1.0085
4.56776
-1.01712
4.60811
-1.02581
4.64845
-1.03458
4.68878
-1.04343
4.72909
-1.05236
4.76937
-1.06137
4.80899
-1.07031
4.84859
-1.07936
4.88816
-1.08851
4.92771
-1.09776
4.96724
-1.10711
5.00674
-1.11657
5.04621
-1.12612
5.08566
-1.13578
5.12509
-1.14553
5.16449
-1.15539
5.20387
-1.16534
5.24322
-1.17539
5.28255
-1.18555
5.32185
-1.19581
5.36112
-1.20617
5.40037
-1.21663
5.44158
-1.22773
5.48275
-1.23897
5.52389
-1.25033
5.565
-1.26181
5.60607
-1.27341
5.6471
-1.28514
5.6881
-1.297
5.72906
-1.30897
5.76999
-1.32107
5.81088
-1.3333
5.85173
-1.34565
5.89255
-1.35812
5.93148
-1.37016
5.97042
-1.3822
6.00935
-1.39424
6.04828
-1.40629
6.08721
-1.41834
6.12614
-1.4304
6.16507
-1.44246
6.20399
-1.45452
6.24292
-1.46659
6.28184
-1.47867
6.32077
-1.49074
6.35969
-1.50283
6.39861
-1.51491
6.43752
-1.527
6.47644
-1.5391
6.51536
-1.5512
6.55427
-1.5633
6.58958
-1.57429
6.62849
-1.58641
6.6638
-1.59741
6.6991
-1.60842
6.7344
-1.61944
6.7697
-1.63047
6.80499
-1.64151
6.84028
-1.65256
6.87557
-1.66362
6.91085
-1.67469
6.94613
-1.68577
6.98141
-1.69686
7.01669
-1.70796
7.05196
-1.71907
7.08723
-1.73019
7.12249
-1.74132
7.15948
-1.75301
7.19641
-1.76486
7.2333
-1.77687
7.27013
-1.78905
7.3069
-1.80139
7.34362
-1.81388
7.38029
-1.82654
7.4169
-1.83936
7.45345
-1.85234
7.48995
-1.86548
7.52639
-1.87878
7.56276
-1.89226
7.59995
-1.90623
7.63707
-1.92037
7.67413
-1.93467
7.71112
-1.94915
7.74805
-1.96379
7.78492
-1.97859
7.82171
-1.99356
7.85844
-2.0087
7.8951
-2.024
7.93169
-2.03947
7.96821
-2.0551
8.00466
-2.0709
8.04103
-2.08687
8.07733
-2.10301
8.11308
-2.11912
8.14879
-2.13531
8.18446
-2.15158
8.22009
-2.16794
8.25569
-2.18438
8.29125
-2.2009
8.32676
-2.21751
8.36224
-2.2342
8.39768
-2.25098
8.43308
-2.26784
8.46844
-2.28479
8.50375
-2.30182
8.53903
-2.31893
8.57426
-2.33614
8.61019
-2.3538
8.6461
-2.37148
8.682
-2.38918
8.71789
-2.40691
8.75377
-2.42466
8.78963
-2.44243
8.82549
-2.46023
8.86133
-2.47805
8.89716
-2.4959
8.93298
-2.51377
8.96879
-2.53167
9.00458
-2.54958
9.04036
-2.56753
9.07551
-2.58518
9.11068
-2.60279
9.14588
-2.62034
9.1811
-2.63784
9.21635
-2.65529
9.25162
-2.67269
9.28692
-2.69004
9.32224
-2.70734
9.35759
-2.72458
9.39296
-2.74178
9.42836
-2.75892
9.46378
-2.77601
9.49923
-2.79304
9.53471
-2.81003
9.57089
-2.82728
9.60711
-2.84445
9.64337
-2.86155
9.67966
-2.87857
9.71599
-2.89552
9.75235
-2.91239
9.78874
-2.92919
9.82517
-2.94591
9.86164
-2.96256
9.89814
-2.97913
9.93467
-2.99562
9.97124
-3.01204
10.0078
-3.02837
10.0445
-3.04463
10.0839
-3.06201
10.1233
-3.07926
10.1628
-3.09641
10.2024
-3.11344
10.242
-3.13036
10.2816
-3.14717
10.3213
-3.16386
10.3611
-3.18044
10.4009
-3.19691
10.4407
-3.21326
10.4806
-3.22949
10.5205
-3.24561
10.5601
-3.26147
10.5999
-3.27709
10.6397
-3.29247
10.6796
-3.30762
10.7196
-3.32252
10.7597
-3.33719
10.7998
-3.35163
10.8401
-3.36582
10.8804
-3.37978
10.9209
-3.3935
10.9614
-3.40699
11.0019
-3.42023
11.0426
-3.43322
11.0833
-3.44597
11.1244
-3.45856
11.1656
-3.4709
11.2069
-3.48298
11.2482
-3.49481
11.2896
-3.5064
11.331
-3.51774
11.3726
-3.52883
11.4141
-3.53968
11.4558
-3.55029
11.4975
-3.56065
11.5393
-3.57076
11.5811
-3.58063
11.623
-3.59025
11.665
-3.59962
11.707
-3.60873
11.749
-3.61759
11.7918
-3.62634
11.8347
-3.63489
11.8776
-3.64325
11.9205
-3.65142
11.9635
-3.6594
12.0065
-3.66719
12.0496
-3.67479
12.0926
-3.68221
12.1358
-3.68943
12.1789
-3.69647
12.2221
-3.70332
12.2653
-3.70998
12.3085
-3.71645
12.3517
-3.72273
12.3945
-3.72874
12.4373
-3.73463
12.4801
-3.7404
12.523
-3.74604
12.5658
-3.75157
12.6087
-3.75697
12.6516
-3.76226
12.6945
-3.76743
12.7374
-3.77248
12.7803
-3.77741
12.8232
-3.78223
12.8662
-3.78693
12.9091
-3.79151
12.9521
-3.79597
12.9951
-3.80031
13.0381
-3.80453
13.0825
-3.80877
13.1269
-3.81297
13.1714
-3.81715
13.2158
-3.82129
13.2603
-3.8254
13.3047
-3.82948
13.3492
-3.83354
13.3936
-3.83756
13.4381
-3.84155
13.4826
-3.84551
13.527
-3.84944
13.5715
-3.85333
13.616
-3.85722
13.6604
-3.86108
13.7049
-3.86494
13.7493
-3.86877
13.7938
-3.8726
13.8383
-3.87641
13.8827
-3.88021
13.9272
-3.88399
13.9717
-3.88776
14.0162
-3.89151
14.0606
-3.89525
14.1051
-3.89898
14.1496
-3.90269
14.1941
-3.90639
14.2385
-3.91007
14.2843
-3.91385
14.3301
-3.91762
14.3758
-3.9214
14.4216
-3.92517
14.4673
-3.92895
14.5131
-3.93273
14.5589
-3.9365
14.6046
-3.94028
14.6504
-3.94406
14.6961
-3.94783
14.7419
-3.95161
14.7877
-3.95539
14.8332
-3.95915
14.8787
-3.96286
14.9242
-3.96651
14.9697
-3.97013
15.0152
-3.97369
15.0607
-3.97721
15.1062
-3.98067
15.1518
-3.98409
15.1973
-3.98746
15.2428
-3.99079
15.2884
-3.99406
15.3339
-3.99729
15.3795
-4.00046
15.4251
-4.00358
15.4707
-4.00662
15.5163
-4.00961
15.562
-4.01252
15.6076
-4.01537
15.6532
-4.01816
15.6988
-4.02088
15.7444
-4.02354
15.7901
-4.02614
15.8357
-4.02867
15.8814
-4.03113
15.927
-4.03353
15.9722
-4.03584
16.0173
-4.03808
16.0625
-4.04027
16.1077
-4.04239
16.1529
-4.04445
16.1981
-4.04646
16.2433
-4.0484
16.2885
-4.05029
16.3337
-4.05211
16.3789
-4.05388
16.4241
-4.05558
16.4693
-4.05723
16.5145
-4.05882
16.5597
-4.06034
16.6049
-4.06181
16.6465
-4.0631
16.688
-4.06428
16.7295
-4.06536
16.7711
-4.06633
16.8126
-4.06719
16.8542
-4.06794
16.8957
-4.06859
16.9373
-4.06913
16.9789
-4.06957
17.0204
-4.0699
17.062
-4.07012
17.1035
-4.07023
17.1451
-4.07023
17.1866
-4.07013
17.2282
-4.06991
17.2665
-4.06961
17.3048
-4.06905
17.3431
-4.06824
17.3813
-4.06717
17.4196
-4.06585
17.4579
-4.06427
17.4961
-4.06243
17.5343
-4.06034
17.5725
-4.058
17.6107
-4.05541
17.6489
-4.05256
17.6871
-4.04945
17.7252
-4.04609
17.7633
-4.04247
17.8014
-4.03859
17.8395
-4.03445
17.8775
-4.03004
17.9149
-4.02544
17.9522
-4.02043
17.9894
-4.01501
18.0265
-4.00919
18.0636
-4.00296
18.1007
-3.99632
18.1376
-3.98928
18.1745
-3.98183
18.2113
-3.97398
18.248
-3.96573
18.2846
-3.95707
18.3211
-3.948
18.3575
-3.93852
18.3938
-3.92863
18.43
-3.91831
18.4621
-3.90876
18.498
-3.89764
18.5299
-3.88732
18.5616
-3.87667
18.5932
-3.86566
18.6248
-3.8543
18.6561
-3.84258
18.6874
-3.83052
18.7185
-3.8181
18.7494
-3.80533
18.7803
-3.79222
18.8109
-3.77876
18.8414
-3.76495
18.8718
-3.75079
18.902
-3.73628
18.932
-3.72142
18.9618
-3.70621
18.9915
-3.69064
19.0209
-3.67472
19.0466
-3.66046
19.0757
-3.64385
19.1009
-3.62896
19.126
-3.61381
19.1509
-3.59836
19.1757
-3.58263
19.2002
-3.56662
19.2246
-3.55033
19.2488
-3.53377
19.2728
-3.51694
19.2967
-3.49984
19.3203
-3.48248
19.3437
-3.46485
19.3669
-3.44697
19.39
-3.42882
19.4128
-3.41042
19.4354
-3.39177
19.4578
-3.37286
19.48
-3.35369
19.502
-3.33428
19.5238
-3.31461
19.5453
-3.29469
19.5666
-3.27453
19.5876
-3.25411
19.6084
-3.23344
19.6289
-3.21252
19.6492
-3.19134
19.6692
-3.16992
19.6875
-3.14989
19.707
-3.12801
19.7247
-3.10756
19.7423
-3.08692
19.7596
-3.06611
19.7767
-3.04512
19.7936
-3.02395
19.8103
-3.00261
19.8267
-2.98109
19.8429
-2.95941
19.8589
-2.93756
19.8747
-2.91554
19.8902
-2.89336
19.9055
-2.87102
19.9206
-2.84852
19.9354
-2.82586
19.95
-2.80304
19.9643
-2.78006
19.9784
-2.75693
19.9922
-2.73364
20.0058
-2.7102
20.0191
-2.68661
20.0321
-2.66286
20.0448
-2.63897
20.0573
-2.61492
20.0685
-2.59252
20.0805
-2.56823
20.0913
-2.5456
20.1019
-2.5229
20.1123
-2.50011
20.1226
-2.47725
20.1327
-2.4543
20.1426
-2.43128
20.1523
-2.40819
20.1619
-2.38502
20.1713
-2.36177
20.1804
-2.33846
20.1895
-2.31507
20.1983
-2.29161
20.2069
-2.26808
20.2153
-2.24448
20.2236
-2.22081
20.2316
-2.19707
20.2395
-2.17327
20.2471
-2.1494
20.2546
-2.12546
20.2618
-2.10146
20.2688
-2.07739
20.2752
-2.05464
20.2815
-2.03186
20.2877
-2.00906
20.2938
-1.98623
20.2999
-1.96338
20.3058
-1.94051
20.3117
-1.91762
20.3175
-1.8947
20.3232
-1.87176
20.3288
-1.8488
20.3343
-1.82582
20.3398
-1.80282
20.3451
-1.7798
20.3504
-1.75676
20.3556
-1.7337
20.3607
-1.71062
20.3657
-1.68752
20.3706
-1.6644
20.3754
-1.64126
20.3801
-1.6181
20.3847
-1.59493
20.3893
-1.57173
20.3937
-1.54852
20.398
-1.52528
20.4023
-1.50203
20.4064
-1.47876
20.4104
-1.45547
20.4144
-1.43216
20.4178
-1.41122
20.4216
-1.38789
20.4249
-1.36693
20.4282
-1.34596
20.4314
-1.32499
20.4347
-1.30401
20.4379
-1.28304
20.4412
-1.26206
20.4444
-1.24108
20.4476
-1.2201
20.4508
-1.19912
20.4539
-1.17813
20.4571
-1.15714
20.4602
-1.13615
20.4633
-1.11515
20.4664
-1.09416
20.4695
-1.07316
20.4726
-1.05216
20.4756
-1.03115
20.4786
-1.01015
20.4817
-0.98914
20.4847
-0.968129
20.4876
-0.947115
20.4906
-0.926099
20.4935
-0.90508
20.4965
-0.884059
20.499
-0.865729
20.5019
-0.844704
20.5044
-0.82637
20.5069
-0.808036
20.5094
-0.789702
20.5119
-0.771367
20.5144
-0.753031
20.5169
-0.734695
20.5194
-0.716359
20.5219
-0.698022
20.5244
-0.679684
20.5268
-0.661346
20.5293
-0.643007
20.5318
-0.624668
20.5342
-0.606328
20.5367
-0.587988
20.5391
-0.569647
20.5416
-0.551306
20.544
-0.532964
20.5465
-0.514621
20.5489
-0.496278
20.5514
-0.477935
20.5538
-0.459591
20.5562
-0.441246
20.5586
-0.422901
20.5611
-0.404555
20.5635
-0.386209
20.5659
-0.367862
20.5683
-0.349514
20.5707
-0.331166
20.5731
-0.312818
20.5755
-0.294468
20.5779
-0.276118
20.5802
-0.257768
20.5826
-0.239417
20.585
-0.221065
20.5874
-0.202712
20.5896
-0.185232
20.5918
-0.167746
20.594
-0.150255
20.5961
-0.132759
20.5982
-0.115257
20.6002
-0.0977504
20.6022
-0.0802387
20.6041
-0.0627223
20.606
-0.0452011
20.6079
-0.0276752
20.6097
-0.0101449
20.6115
0.00738989
20.6132
0.024929
20.6149
0.0424723
20.6166
0.0600198
20.6182
0.0775712
20.6197
0.0951267
20.6212
0.112686
20.6227
0.130249
20.6241
0.147816
20.6255
0.165386
20.6268
0.18296
20.6281
0.200537
20.6294
0.218118
20.6306
0.235701
20.6317
0.253288
20.6328
0.270878
20.6339
0.288471
20.6349
0.306067
20.6358
0.323665
20.6367
0.341266
20.6376
0.35887
20.6384
0.376476
20.6391
0.394084
20.6398
0.411695
20.6405
0.429308
20.641
0.446922
20.6416
0.464539
20.642
0.482157
20.6425
0.50322
20.6429
0.524285
20.6432
0.545352
20.6435
0.566419
20.6437
0.587487
20.6437
0.608556
20.6438
0.629625
20.6437
0.650693
20.6436
0.671762
20.6433
0.692829
20.6431
0.713896
20.6427
0.734962
20.6422
0.756026
20.6417
0.777088
20.6411
0.798148
20.6404
0.819206
20.6396
0.84026
20.6388
0.861312
20.6379
0.88236
20.6368
0.903404
20.6357
0.924444
20.6345
0.94548
20.6333
0.96651
20.6319
0.987535
20.6305
1.00855
20.6289
1.02957
20.6273
1.05057
20.6255
1.07157
20.6237
1.09256
20.6218
1.11271
20.62
1.13286
20.6182
1.15301
20.6164
1.17317
20.6146
1.19332
20.6128
1.21348
20.6111
1.23364
20.6094
1.2538
20.6076
1.27397
20.606
1.29413
20.6043
1.3143
20.6026
1.33447
20.601
1.35464
20.5994
1.37481
20.5978
1.39498
20.5962
1.41515
20.5947
1.43533
20.5931
1.45551
20.5916
1.47569
20.5901
1.49587
20.5886
1.51605
20.5872
1.53623
20.5858
1.55642
20.5844
1.57661
20.583
1.59679
20.5816
1.61698
20.5804
1.63608
20.5792
1.65518
20.578
1.67428
20.577
1.69338
20.576
1.71249
20.5751
1.73161
20.5742
1.75072
20.5734
1.76984
20.5727
1.78896
20.572
1.80809
20.5715
1.82721
20.5709
1.84634
20.5705
1.86547
20.5701
1.8846
20.5698
1.90373
20.5696
1.92287
20.5694
1.942
20.5693
1.96114
20.5693
1.98027
20.5693
1.99941
20.5695
2.01854
20.5697
2.03768
20.57
2.05681
20.5703
2.07594
20.5708
2.09507
20.5713
2.1142
20.5719
2.13332
20.5726
2.15245
20.5734
2.17157
20.5742
2.19068
20.5752
2.21016
20.5763
2.22964
20.5773
2.24912
20.5785
2.26859
20.5796
2.28806
20.5809
2.30753
20.5822
2.32699
20.5835
2.34645
20.5849
2.36591
20.5863
2.38536
20.5878
2.40481
20.5894
2.42426
20.591
2.4437
20.5926
2.46313
20.5943
2.48257
20.5961
2.50199
20.5979
2.52141
20.5997
2.54083
20.6017
2.56024
20.6036
2.57965
20.6057
2.59905
20.6077
2.61844
20.6099
2.63783
20.6121
2.65721
20.6144
2.67659
20.6167
2.69596
20.6191
2.71532
20.6215
2.73467
20.624
2.75401
20.6266
2.77335
20.6292
2.79268
20.6319
2.81215
20.6347
2.83161
20.6374
2.85108
20.6402
2.87054
20.643
2.89
20.6458
2.90946
20.6486
2.92892
20.6514
2.94837
20.6543
2.96783
20.6571
2.98728
20.66
3.00673
20.6629
3.02617
20.6658
3.04562
20.6687
3.06506
20.6716
3.0845
20.6746
3.10394
20.6776
3.12337
20.6805
3.1428
20.6835
3.16223
20.6865
3.18166
20.6896
3.20109
20.6926
3.22051
20.6957
3.23993
20.6987
3.25935
20.7018
3.27876
20.7049
3.29818
20.7081
3.31758
20.7112
3.33699
20.7144
3.35639
20.7175
3.37529
20.7205
3.39419
20.7236
3.41309
20.7266
3.43199
20.7296
3.4509
20.7326
3.46982
20.7356
3.48873
20.7385
3.50766
20.7414
3.52658
20.7443
3.54551
20.7472
3.56444
20.75
3.58338
20.7528
3.60232
20.7556
3.62126
20.7584
3.6402
20.7611
3.65915
20.7638
3.67811
20.7665
3.69706
20.7692
3.71602
20.7718
3.73499
20.7745
3.75395
20.7771
3.77292
20.7796
3.7919
20.7822
3.81088
20.7847
3.82986
20.7872
3.84884
20.7896
3.86783
20.7921
3.88682
20.7945
3.90581
20.7969
3.92481
20.7992
3.94382
20.8015
3.96282
20.8038
3.98183
20.8061
4.00084
20.8083
4.01986
20.8106
4.03965
20.8128
4.05944
20.815
4.07924
20.8172
4.09904
20.8193
4.11885
20.8213
4.13866
20.8233
4.15848
20.8252
4.1783
20.8271
4.19813
20.829
4.21796
20.8308
4.2378
20.8325
4.25764
20.8342
4.27749
20.8358
4.29734
20.8374
4.31719
20.839
4.33705
20.8405
4.35691
20.8419
4.37678
20.8433
4.39665
20.8446
4.41652
20.8459
4.4364
20.8471
4.45628
20.8483
4.47616
20.8494
4.49605
20.8504
4.51594
20.8514
4.53583
20.8524
4.55573
20.8532
4.57563
20.854
4.59553
20.8548
4.61543
20.8555
4.63592
20.8561
4.65641
20.8568
4.6769
20.8574
4.69739
20.858
4.71788
20.8585
4.73837
20.8591
4.75886
20.8596
4.77935
20.86
4.79985
20.8605
4.82034
20.8609
4.84083
20.8613
4.86133
20.8617
4.88182
20.862
4.90232
20.8623
4.92282
20.8626
4.94331
20.8628
4.96381
20.863
4.98431
20.8632
5.00481
20.8634
5.0253
20.8635
5.0458
20.8636
5.0663
20.8636
5.0868
20.8637
5.1073
20.8636
5.1278
20.8636
5.14829
20.8635
5.16824
20.8634
5.18819
20.8634
5.20814
20.8634
5.22809
20.8634
5.24803
20.8634
5.26798
20.8634
5.28793
20.8635
5.30788
20.8636
5.32782
20.8636
5.34777
20.8638
5.36772
20.8639
5.38766
20.864
5.40761
20.8642
5.42756
20.8644
5.4475
20.8646
5.46745
20.8649
5.4874
20.8651
5.50734
20.8654
5.52729
20.8657
5.54723
20.866
5.56718
20.8664
5.58712
20.8667
5.60707
20.8671
5.62701
20.8676
5.64696
20.868
5.6669
20.8685
5.68684
20.8689
5.70678
20.8694
5.72672
20.87
5.74661
20.8706
5.76649
20.8712
5.78638
20.8718
5.80626
20.8725
5.82614
20.8732
5.84602
20.8739
5.8659
20.8747
5.88578
20.8755
5.90566
20.8764
5.92553
20.8773
5.94541
20.8782
5.96528
20.8792
5.98515
20.8802
6.00502
20.8812
6.02488
20.8823
6.04475
20.8834
6.06461
20.8845
6.08447
20.8857
6.10433
20.8869
6.12418
20.8882
6.14404
20.8895
6.16389
20.8909
6.18373
20.8923
6.20358
20.8937
6.22342
20.8952
6.24326
20.8967
6.26309
20.8984
6.28479
20.9001
6.30648
20.9019
6.32816
20.9037
6.34985
20.9056
6.37153
20.9075
6.39321
20.9094
6.41489
20.9113
6.43656
20.9133
6.45823
20.9153
6.47989
20.9174
6.50156
20.9195
6.52322
20.9216
6.54487
20.9238
6.56653
20.926
6.58818
20.9282
6.60982
20.9305
6.63146
20.9328
6.6531
20.9351
6.67474
20.9375
6.69637
20.9399
6.71799
20.9424
6.73961
20.9448
6.76123
20.9474
6.78284
20.9499
6.80371
20.9524
6.82457
20.955
6.84543
20.9577
6.86628
20.9603
6.88712
20.9631
6.90796
20.9659
6.92879
20.9687
6.94961
20.9716
6.97043
20.9745
6.99124
20.9775
7.01204
20.9806
7.03284
20.9837
7.05363
20.9868
7.07441
20.99
7.09518
20.9932
7.11595
20.9965
7.13671
20.9998
7.15745
21.0032
7.1782
21.0067
7.19893
21.0102
7.21965
21.0137
7.24037
21.0173
7.26108
21.021
7.28177
21.0247
7.30246
21.0284
7.32314
21.0323
7.3438
21.0361
7.36446
21.0401
7.3851
21.0441
7.40574
21.0481
7.42636
21.0522
7.44697
21.0567
7.46894
21.0612
7.4909
21.0657
7.51287
21.0702
7.53482
21.0748
7.55677
21.0793
7.57872
21.0839
7.60066
21.0885
7.6226
21.0932
7.64453
21.0978
7.66646
21.1025
7.68838
21.1072
7.7103
21.112
7.73222
21.1167
7.75412
21.1215
7.77603
21.1263
7.79792
21.1311
7.81981
21.136
7.8417
21.1409
7.86358
21.1458
7.88546
21.1507
7.90732
21.1557
7.92919
21.1607
7.95104
21.1655
7.97222
21.1704
7.99339
21.1753
8.01455
21.1802
8.03572
21.1851
8.05688
21.1901
8.07803
21.195
8.09918
21.2
8.12033
21.205
8.14147
21.21
8.16261
21.215
8.18375
21.2201
8.20488
21.2251
8.22601
21.2302
8.24714
21.2353
8.26826
21.2404
8.28937
21.2455
8.31049
21.2506
8.3316
21.2558
8.3527
21.261
8.3738
21.2661
8.39489
21.2713
8.41599
21.2766
8.43707
21.2818
8.45815
21.2871
8.47923
21.2921
8.49923
21.2974
8.5203
21.3024
8.5403
21.3074
8.5603
21.3124
8.5803
21.3174
8.6003
21.3224
8.62031
21.3274
8.64032
21.3324
8.66033
21.3373
8.68035
21.3423
8.70036
21.3472
8.72038
21.3521
8.74041
21.3571
8.76043
21.362
8.78046
21.3669
8.80049
21.3717
8.82052
21.3766
8.84055
21.3815
8.86059
21.3863
8.88063
21.3912
8.90067
21.396
8.92072
21.4008
8.94077
21.4056
8.96082
21.4104
8.98088
21.4152
9.00093
21.42
9.021
21.4247
9.04106
21.4295
9.06139
21.4343
9.08172
21.439
9.10207
21.4436
9.12243
21.4482
9.14281
21.4528
9.16319
21.4573
9.18358
21.4618
9.20399
21.4662
9.2244
21.4705
9.24483
21.4748
9.26527
21.4791
9.28572
21.4833
9.30618
21.4875
9.32664
21.4916
9.34713
21.4956
9.36762
21.4996
9.38812
21.5035
9.40863
21.5074
9.42915
21.5113
9.44968
21.515
9.47023
21.5187
9.49078
21.5224
9.51134
21.526
9.53192
21.5295
9.55251
21.533
9.5731
21.5368
9.59604
21.5405
9.61899
21.5441
9.64194
21.5477
9.66491
21.5513
9.68788
21.5548
9.71086
21.5582
9.73386
21.5616
9.75686
21.5649
9.77987
21.5681
9.80288
21.5713
9.82591
21.5744
9.84895
21.5775
9.87199
21.5805
9.89504
21.5834
9.9181
21.5863
9.94116
21.5891
9.96424
21.5919
9.98732
21.5946
10.0104
21.5972
10.0335
21.5998
10.0566
21.6023
10.0797
21.6047
10.1028
21.607
10.126
21.6093
10.1491
21.6115
10.1722
21.6134
10.1932
21.6156
10.2164
21.6175
10.2373
21.6194
10.2583
21.6213
10.2793
21.6232
10.3002
21.6252
10.3212
21.6272
10.3422
21.6293
10.3631
21.6313
10.3841
21.6334
10.405
21.6355
10.426
21.6376
10.4469
21.6398
10.4679
21.642
10.4888
21.6442
10.5098
21.6464
10.5307
21.6487
10.5517
21.6509
10.5726
21.6533
10.5935
21.6556
10.6144
21.658
10.6354
21.6604
10.6563
21.6628
10.6772
21.6653
10.6981
21.6678
10.719
21.6703
10.7399
21.6728
10.7608
21.6728
10.7608
